Gankovich,10,5,10,8.8,10,9,8.3,7.3,10,8,9.3,8,9.5,6,8
Goncharuk,10,8,10,5.9,10,8,7.1,5.3,10,7,6.4,7,7.5,?,8
Zmachinskij,10,5,10,7.1,10,7,8.5,4,10,9,7.9,8,6.5,?,н
Mashkov,10,5,10,4.1,9.4,9,10,8,8.9,7,5,8,6,7.5,8.5
Mihalkevich,10,3,10,5.3,10,6,3.4,4.7,9.6,4,7.9,4,5.5,4,I?
Pashik,10,8,10,6.5,9.7,5,8.5,6.7,10,7,6.7,8,8.5,9,8
Portnova,10,9,10,8.2,8.5,9,10,9.3,10,9,9.9,9,7,7.5,8
Sedun,10,5,8.4,3.5,6.1,5,7.7,9.3,3.6,4,7,6.5,C?,C?,C?
Smargun,10,9,10,8.2,10,8,7.6,8,10,6,7.1,5,6,C?,6
Sudak,10,7,10,н,10,9,10,8,9.3,9.9,10,9.9,9,9,8.5
Tunakin,10,8,10,5.3,10,6,8.5,5.3,10,7,8.7,8.5,9.5,7.5,8
Ushakova,10,9,10,8.2,9.5,8,6.1,7.3,10,8,7.3,8.6,8.5,C?,8
Hramkova,10,9,10,6.5,10,6,7.3,6.7,10,4.5,7.3,7,5.5,7.5,7
Sharamet,10,6,9.6,5.3,10,7,10,7.3,10,9,8.5,8.5,N?,N?,н
Shugalo,10,3,10,6.5,10,4,6.3,6.7,10,7,7,7,6,7,7